  -0.944  -4.617  -0.173  -155.3439
   0.028  -5.215  -1.089  33.8373
   0.372  -4.286  -2.266  264.4479
  -0.510  -3.837  -3.009  -342.0916
  -0.316  -6.622  -1.553  -64.7990
  -0.467  -7.700  -0.088  -72.3407
  -1.891  -5.062   0.001  168.0824
   0.881  -5.390  -0.576  86.6283
  -1.178  -6.609  -2.002  59.1117
   0.412  -6.965  -2.100  66.9032
   1.635  -3.889  -2.310  -312.3140
   2.109  -2.847  -3.258  48.7117
   3.124  -3.523  -4.197  384.6332
   4.006  -4.232  -3.724  -242.0614
   2.791  -1.749  -2.444  -54.3682
   1.638  -0.554  -1.674  -87.4668
   2.271  -4.357  -1.635  154.7479
   1.338  -2.550  -3.797  87.2027
   3.317  -2.177  -1.714  67.6042
   3.398  -1.239  -3.048  68.3724
   3.058  -3.207  -5.489  -108.5031
   3.872  -3.919  -6.495  12.8486
   5.377  -3.603  -6.505  302.3127
   6.113  -4.259  -7.248  -320.1868
   3.123  -3.696  -7.799  9.6691
   2.518  -2.311  -7.613  23.7643
   2.089  -2.292  -6.140  28.8573
   3.726  -4.934  -6.408  90.7375
   3.741  -3.698  -8.579  20.3123
   2.404  -4.370  -7.926  22.2846
   3.198  -1.611  -7.788  24.6679
   1.733  -2.195  -8.208  18.3630
   2.162  -1.374  -5.761  49.1028
   1.158  -2.632  -6.037  41.0288
   5.857  -2.692  -5.646  -126.2414
   7.309  -2.554  -5.414  16.7224
   7.536  -1.905  -4.039  435.0392
   6.626  -1.296  -3.460  -463.4998
   8.001  -1.718  -6.497  117.3554
   7.724  -0.318  -6.356  -499.5564
   5.147  -2.114  -5.176  154.0496
   7.705  -3.467  -5.391  114.5641
   8.987  -1.854  -6.431  63.3005
   7.677  -2.016  -7.392  63.5525
   6.941  -0.083  -6.925  221.1995
   8.777  -1.948  -3.584  -253.0113
   9.264  -1.298  -2.365  -1.6115
  10.609  -1.861  -1.899  134.9157
  11.798  -2.362  -2.744  -13.3048
  10.416  -2.810  -0.706  -123.9919
  12.324  -1.242  -3.680  -22.2419
   9.430  -2.521  -4.204  125.9305
   8.599  -1.520  -1.642  66.2805
  11.025  -1.128  -1.226  26.0759
  12.525  -2.632  -2.144  10.6017
  11.495  -3.111  -3.303  15.6488
  11.246  -2.816  -0.156  26.4940
   9.649  -2.491  -0.156  47.0771
  10.230  -3.728  -1.046  31.0913
  12.619  -0.479  -3.118  11.9436
  13.085  -1.605  -4.204  5.1246
  11.585  -0.967  -4.283  17.9754
   9.439   0.011  -4.480  193.7030
   4.710  -0.014  -4.964  61.8384
   5.462  -0.389  -0.017  25.5148
   5.066  -1.139  -0.504  41.5617
   6.435  -0.455   0.063  44.3869
  -0.568  -0.624  -7.093  -243.7510
  -1.567  -0.887  -4.446  48.5854
  -2.959  -1.490  -4.272  351.0930
  -3.997  -0.863  -4.468  -417.9727
  -1.006  -0.437  -3.132  -54.4134
  -0.994  -1.540  -4.894  99.1358
  -0.945  -1.216  -2.514  63.8193
  -2.927  -2.723  -3.795  -176.6740
  -4.151  -3.505  -3.631  -10.5657
  -4.353  -3.975  -2.161  441.2761
  -3.571  -4.772  -1.636  -254.4685
  -4.290  -4.637  -4.619  75.6160
  -3.131  -5.663  -4.496  -21.1902
  -4.367  -4.069  -6.077  -197.8223
  -3.255  -7.012  -5.297  -47.7272
  -1.985  -3.080  -3.553  111.5306
  -4.918  -2.886  -3.829  71.4300
  -5.139  -5.133  -4.430  30.0028
  -2.276  -5.216  -4.788  7.3015
  -3.023  -5.903  -3.522  5.9697
  -4.526  -4.825  -6.698  11.5460
  -5.115  -3.420  -6.119  28.5641
  -3.506  -3.623  -6.283  14.0896
  -3.323  -6.786  -6.258  2.1657
  -2.444  -7.547  -5.112  3.7134
  -4.069  -7.476  -4.980  7.1532
  -5.364  -3.438  -1.478  -447.5587
  -5.709  -3.876  -0.127  -15.0644
  -6.508  -5.190  -0.279  239.1898
  -7.623  -5.188  -0.783  -244.2771
  -5.879  -2.689  -1.985  163.7067
  -6.424  -7.672  -0.169  -4.7447
  -5.627  -8.379  -1.290  77.2916
  -4.107  -8.246  -1.184  -16.8413
  -5.911  -7.946  -2.731  -221.8401
  -3.428  -9.408  -0.455  -68.2168
  -7.343  -7.525  -0.550  77.2530
  -5.856  -9.364  -1.251  31.9310
  -3.726  -8.183  -2.104  5.0422
  -3.896  -7.402  -0.692  3.1577
  -5.427  -8.552  -3.358  35.7465
  -6.892  -7.998  -2.903  52.1814
  -5.597  -7.009  -2.861  28.1936
  -3.620 -10.253  -0.946  4.3987
  -2.446  -9.243  -0.430  -1.1878
  -8.765  -9.535  -0.414  46.8473
   1.009 -10.429  -0.649  40.7782
   1.218 -11.405  -1.828  563.9278
   2.029 -12.330  -1.728  -290.7683
   1.984  -9.301  -0.618  -31.5759
   0.111  -9.971  -0.789  107.3525
   2.864  -9.629  -0.289  49.2371
   2.080  -8.918  -1.532  97.3503
   0.525 -11.148  -2.941  -135.5926
   0.677 -11.872  -4.218  3.5531
   2.149 -11.868  -4.661  417.9475
   2.837 -10.865  -4.512  -388.9677
  -0.140 -11.048  -5.222  8.8024
  -1.228 -10.391  -4.384  30.6019
  -0.536 -10.131  -3.043  22.6342
   0.333 -12.809  -4.139  41.6191
   0.428 -10.351  -5.660  14.9043
  -0.547 -11.635  -5.921  19.3451
  -1.517  -9.540  -4.801  20.7450
  -1.994 -11.008  -4.270  20.0069
  -0.145  -9.204  -3.019  35.1940
  -1.190 -10.220  -2.283  33.0159
   2.484 -12.909  -5.413  -322.0800
   3.824 -13.099  -6.031  6.6852
   4.298 -11.936  -6.928  612.1912
   5.482 -11.771  -7.161  -233.0486
   1.713 -13.612  -5.546  154.0983
   4.507 -13.243  -5.289  37.5207
   3.810 -13.956  -6.581  56.6820
   3.335 -11.155  -7.419  -294.6642
   3.587  -9.973  -8.264  39.1006
   3.357  -8.621  -7.573  219.1850
   3.462  -7.573  -8.209  -264.0230
   2.726 -10.085  -9.557  -0.6620
   1.208  -9.970  -9.319  667.1209
   0.740 -10.557  -8.315  -562.9245
   0.556  -9.319 -10.159  -435.9726
   2.364 -11.454  -7.151  134.1618
   4.571 -10.005  -8.529  69.9524
   3.006  -9.352 -10.169  -6.1641
   2.915 -10.970  -9.969  -8.5036
   2.968  -8.657  -6.299  -152.9481
   2.676  -7.430  -5.505  18.4831
   3.352  -7.488  -4.124  313.4650
   2.866  -6.899  -3.151  -327.9283
   1.190  -7.167  -5.405  -8.1117
   0.557  -6.223  -6.411  -32.6777
   0.487  -6.692  -7.707  -95.3610
  -0.031  -5.004  -6.000  -135.0480
  -0.163  -5.931  -8.696  -155.3862
  -0.681  -4.232  -6.986  -135.5823
  -0.736  -4.690  -8.320  144.8589
  -1.292  -3.876  -9.255  -418.4817
   2.882  -9.613  -5.894  127.1178
   3.051  -6.646  -6.006  55.9643
   0.702  -8.057  -5.475  26.3509
   0.992  -6.797  -4.478  20.5380
   0.891  -7.564  -7.957  77.4302
   0.010  -4.713  -5.081  57.6315
  -0.223  -6.247  -9.625  52.7567
  -1.101  -3.364  -6.743  68.7366
  -1.276  -2.929  -8.929  466.9216
   4.505  -8.161  -4.054  -156.7581
   5.227  -8.232  -2.802  35.4211
   6.511  -7.401  -2.689  333.2585
   7.596  -7.784  -3.136  -303.3028
   5.508  -9.724  -2.422  -103.8763
   4.810  -8.599  -4.932  167.3271
   4.595  -7.935  -2.040  86.5829
   6.219 -10.071  -3.022  29.8831
   5.805  -9.755  -1.475  28.4734
   4.669 -10.240  -2.541  24.4263
   6.254  -6.167  -2.289  -186.8865
   7.204  -5.075  -1.946  42.2514
   8.678  -5.381  -2.308  585.4471
   9.381  -5.963  -1.457  -459.2335
   6.898  -4.798  -0.504  -75.2706
   5.492  -4.301  -0.191  278.4996
   9.095  -4.877  -3.373  55.2991
   5.185  -5.979  -2.219  203.6046
   6.930  -4.268  -2.495  82.4672
   7.049  -5.646   0.033  45.7256
   7.553  -4.104  -0.157  40.1642
   4.474  -4.641  -0.784  -250.8512
   9.276   0.231  -2.489  389.9146
   9.039   0.921  -1.494  -339.4231
   9.333   0.747  -3.727  -135.3634
   9.259   2.183  -4.048  -19.9881
   7.752   2.520  -3.983  551.0646
   7.360   3.538  -3.419  -477.4243
   9.733   2.432  -5.477  244.8093
   9.998   3.883  -5.743  -117.2151
  11.092   1.666  -5.764  -179.2108
   9.709   2.684  -3.336  83.9840
   8.995   2.145  -6.097  19.1891
  10.969   4.024  -5.954  31.8356
   9.449   4.197  -6.522  19.9456
   9.760   4.431  -4.937  45.9920
  11.567   1.569  -4.901  55.4739
  10.861   0.784  -6.150  10.7505
  11.613   2.213  -6.403  40.5179
   6.883   1.626  -4.495  -234.3890
   5.440   1.868  -4.433  41.8357
   4.863   1.805  -3.021  290.1323
   4.032   2.635  -2.684  -307.9175
   4.660   0.908  -5.341  -115.1827
   7.313   0.793  -4.915  162.6900
   5.252   2.793  -4.816  61.6123
   5.062   0.921  -6.254  24.3146
   3.708   1.202  -5.388  43.3294
   5.424   0.918  -2.193  -101.4649
   5.116   0.912  -0.751  -121.9260
   5.702   2.124  -0.026  675.4732
   6.076   0.253  -2.638  125.9002
   4.112   0.923  -0.640  86.5805
   6.934   2.506  -0.348  -202.8489
   6.698   4.971  -0.025  490.7357
   9.002   3.958  -0.084  112.2708
   9.194   4.245  -1.473  -533.9289
   7.424   1.927  -1.034  132.6794
   8.423   3.882  -1.991  185.7082
   6.314   5.079  -1.295  -253.0068
   5.348   6.110  -1.783  34.4281
   3.948   5.934  -1.166  247.4806
   3.387   6.914  -0.696  -232.2871
   5.424   6.078  -3.315  -102.4080
   6.811   6.374  -3.910  414.2812
   6.744   4.378  -1.941  209.7432
   5.699   7.000  -1.472  120.2364
   5.142   5.166  -3.628  50.8176
   4.780   6.758  -3.679  38.6374
   7.784   6.702  -3.243  -319.0399
   6.957   6.102  -5.185  -442.2593
   6.197   5.730  -5.723  185.0575
   7.840   6.265  -5.641  92.0322
   3.497   4.691  -0.974  -227.1866
   2.227   4.346  -0.299  18.0269
   1.843   2.837  -0.272  -10.7166
  -0.450   2.114  -0.696  -84.1298
  -1.687   1.613  -0.262  -123.8591
   4.142   3.946  -1.356  197.9594
   1.504   4.841  -0.769  48.9214
   1.908   2.507  -1.211  1.0500
  -0.254   2.181  -1.659  55.7269
  -2.356   1.282  -0.938  111.5846
  -0.078   7.866  -0.045  -35.3191
   0.144   8.253  -0.914  92.1233
   0.218   6.940   0.054  91.9949
  -7.191   4.245  -0.294  288.3597
  -6.994   3.974  -1.478  -380.8512
  -6.522   6.575  -0.622  -14.2858
  -5.133   6.289  -1.203  226.9809
  -4.965   6.259  -2.419  -362.3206
  -8.667   8.836  -0.743  -163.6604
  -7.169   6.691  -1.385  63.1746
  -6.050   8.572  -0.423  38.6983
  -8.763   8.047  -1.345  61.4653
  -9.567   9.162  -0.463  28.3659
  -8.172   9.564  -1.211  31.7879
  -4.281   5.775  -0.319  -231.4175
  -2.923   5.232  -0.681  33.4563
  -3.068   4.117  -1.752  319.1777
  -2.415   4.268  -2.790  -284.5764
  -2.397   5.977  -1.078  85.1409
  -4.035   3.184  -1.667  -145.3559
  -4.274   2.230  -2.814  45.2647
  -4.681   2.840  -4.139  246.6721
  -4.014   2.583  -5.144  -333.1243
  -5.223   1.073  -2.385  -168.4092
  -4.574   3.168  -0.806  114.3144
  -3.404   1.696  -2.941  86.5354
  -4.735   0.481  -1.753  28.3372
  -6.022   1.466  -1.943  30.6469
  -5.491   0.566  -3.197  25.3948
  -5.622   3.765  -4.062  -140.7582
  -6.108   4.511  -5.283  20.5375
  -4.977   5.375  -5.894  348.7979
  -4.925   5.547  -7.106  -398.8681
  -7.317   5.321  -4.914  322.5041
  -7.146   6.393  -3.972  -387.6755
  -8.529   4.516  -4.348  -148.2832
  -6.005   3.948  -3.122  105.6296
  -6.390   3.832  -5.960  88.0691
  -7.725   5.753  -5.789  34.1184
  -9.366   5.021  -4.539  35.4979
  -8.557   3.625  -4.791  22.3400
  -8.410   4.407  -3.365  16.5850
  -6.304   6.258  -3.441  317.5728
  -4.078   5.890  -5.050  -152.7491
  -2.973   6.838  -5.425  22.6388
  -1.664   6.152  -5.859  390.8064
  -1.104   6.589  -6.863  -421.8900
  -2.882   8.004  -4.439  -7.3288
  -3.973   9.054  -4.678  -28.3140
  -5.362   8.761  -4.622  -121.7401
  -3.504  10.375  -4.784  -95.0356
  -6.288   9.820  -4.602  -136.2233
  -4.430  11.434  -4.764  -128.8621
  -5.803  11.139  -4.670  201.9914
  -6.703  12.156  -4.652  -294.1809
  -4.201   5.571  -4.050  198.2666
  -3.310   7.399  -6.201  61.3584
  -2.994   7.654  -3.522  18.6440
  -2.006   8.448  -4.552  20.8421
  -5.669   7.830  -4.598  51.8472
  -2.546  10.558  -4.870  108.9879
  -7.257   9.643  -4.540  105.2392
  -4.123  12.372  -4.816  52.4999
  -7.346  12.023  -3.896  389.3741
  -1.180   5.081  -5.205  -222.6094
   0.087   4.443  -5.626  14.1692
  -0.059   3.094  -6.325  381.2649
   0.939   2.408  -6.567  -261.5253
   1.082   4.320  -4.461  237.6515
   0.478   3.606  -3.377  -497.8538
   1.593   5.697  -4.050  -133.1499
  -1.748   4.755  -4.414  191.9535
   0.560   5.086  -6.266  83.4958
   1.896   3.789  -4.777  27.6315
   2.587   5.667  -3.929  38.4329
   1.368   6.367  -4.760  15.6801
   1.164   5.973  -3.188  26.9503
  -0.478   3.893  -3.258  127.0357
  -1.295   2.762  -6.687  -195.6286
  -1.626   1.528  -7.434  6.4774
  -1.271   0.274  -6.620  309.8281
  -2.030   3.452  -6.399  159.9984
  -2.608   1.522  -7.641  47.0271
  -1.114   1.519  -8.298  48.0960
  -1.778   0.256  -5.388  -279.2256
   0.677   0.281  -3.265  -97.6416
  -2.332   1.094  -5.126  221.7322
  -1.595   0.265  -2.743  51.2676
  -4.764  -6.422   3.592  -332.0510
  -3.319  -6.147   3.458  43.2238
  -2.898  -5.410   2.180  520.9346
  -3.230  -5.781   1.062  -430.3836
  -2.521  -7.479   3.580  308.7926
  -2.908  -8.098   4.811  -326.3691
  -0.982  -7.503   3.488  -135.8459
  -5.267  -5.559   3.620  364.1389
  -3.034  -5.578   4.260  78.7787
  -2.789  -8.083   2.816  43.7788
  -0.659  -8.440   3.614  38.7078
  -0.700  -7.168   2.590  31.6759
  -0.600  -6.916   4.201  30.1714
  -5.075  -6.962   2.811  264.4029
  -4.930  -6.931   4.435  357.8865
  -3.436  -8.935   4.632  324.6877
  -2.179  -4.328   2.444  -190.7222
  -1.849  -3.202   1.509  8.7232
  -0.750  -3.504   0.506  486.3588
   0.117  -2.677   0.236  -313.1631
  -1.460  -2.044   2.424  196.8960
  -0.296  -2.381   3.185  -595.2746
  -2.572  -1.638   3.397  -84.2513
  -1.816  -4.304   3.453  192.4032
  -2.704  -2.975   1.002  102.3087
  -1.236  -1.225   1.850  40.4744
  -3.458  -1.692   2.934  13.2549
  -2.570  -2.256   4.184  12.5596
  -2.417  -0.700   3.710  14.0204
   0.291  -1.573   3.304  146.5836
   4.869  -0.380   1.403  52.6704
   3.344  -0.277   1.445  48.1126
   2.665  -1.237   2.320  -252.6555
   2.669  -2.569   2.249  503.2793
   2.800  -3.133   1.068  -489.0821
   2.635  -3.318   3.331  -431.7173
   5.137  -1.227   1.874  40.2552
   3.004  -0.397   0.500  81.1705
   2.110  -0.831   3.094  279.2423
   2.916  -2.615   0.229  171.2720
   2.784  -4.152   1.002  187.1261
   2.625  -2.865   4.234  251.3698
   2.620  -4.308   3.270  194.6705
  -5.849  -0.171   5.224  396.8963
  -5.663  -0.211   6.460  -412.3530
  -5.796  -1.143   4.442  -544.7418
  -6.404  -2.800   0.714  82.8703
  -5.372  -1.748   1.109  -28.7700
  -6.977  -3.398   2.027  -250.5579
  -5.961  -0.339   1.088  -56.2617
  -4.862  -4.120   0.317  58.0220
  -7.089  -2.363   0.151  27.2275
  -5.048  -1.943   2.023  10.8252
  -4.620  -1.783   0.465  14.7948
  -7.398  -2.667   2.552  36.4114
  -7.653  -4.088   1.794  17.5349
  -6.232  -3.807   2.542  53.0190
  -6.720  -0.296   1.732  -2.5782
  -6.284  -0.136   0.167  6.5037
  -5.872  -6.309   0.081  -345.3567
  -6.601  -8.474   1.124  427.7435
  -5.660  -8.542   1.919  -288.6793
  -4.957  -6.158   0.552  157.5504
  -3.789  -9.462   0.472  4.0708
  -7.801  -9.055   1.342  -138.0372
  -8.201  -9.758   2.576  4.2185
  -7.202 -10.643   3.326  242.5466
  -7.227 -10.723   4.544  -395.5889
  -9.440 -10.558   2.164  11.2985
 -10.124  -9.604   1.197  22.2017
  -8.952  -9.000   0.412  24.1565
  -8.624  -9.065   3.243  38.3159
  -9.187 -11.396   1.702  26.0997
 -10.024 -10.740   2.941  19.5288
 -10.730 -10.100   0.592  24.3842
 -10.612  -8.900   1.693  22.2394
  -9.151  -8.052   0.150  34.7697
  -6.400 -11.353   2.546  -351.2829
  -5.278 -12.191   3.037  3.3271
  -4.294 -11.346   3.858  395.6003
  -4.264 -10.124   3.775  -293.1763
  -6.622 -11.279   1.518  132.8174
  -5.645 -12.926   3.609  70.8343
  -4.801 -12.591   2.253  54.2345
  -3.463 -12.029   4.650  -226.1960
  -2.441 -11.358   5.489  46.5555
  -1.022 -11.348   4.900  295.9471
  -0.049 -10.973   5.549  -448.7236
  -2.480 -11.968   6.895  -99.4323
  -3.588 -13.058   4.632  129.2678
  -2.736 -10.392   5.633  87.7327
  -2.953 -12.846   6.859  21.3538
  -1.547 -12.102   7.221  12.4660
  -2.965 -11.349   7.509  31.5665
  -0.965 -11.757   3.634  -199.1390
   0.289 -11.705   2.824  27.5238
  -0.074 -11.325   1.391  270.8463
  -1.231 -11.296   0.972  -360.1796
   1.052 -13.006   3.053  302.2881
   2.451 -12.715   2.968  -297.6985
   0.822 -14.146   2.002  -116.0514
  -1.860 -12.117   3.247  139.8731
   0.871 -10.997   3.208  75.4358
   0.856 -13.348   3.989  33.2517
  -0.146 -14.176   1.773  13.2825
   1.363 -13.944   1.192  27.4450
   1.109 -15.010   2.403  26.0080
   2.610 -11.940   2.348  265.3243
   0.998 -11.065   0.667  -182.6066
   1.469  -7.936   0.487  -105.7559
   1.906 -11.371   1.141  170.9996
   5.474  -3.545   0.872  -353.8231
   6.262  -3.306   1.417  174.4799
   4.565  -3.155   1.182  168.8983
   4.982   2.760   0.750  -238.3574
   5.247   0.402   1.909  29.6590
   3.108   0.660   1.741  62.5360
   7.533   3.718   0.279  30.5068
   6.217   5.642   0.881  -400.9062
   7.531   3.576   1.272  68.3876
   9.345   4.732   0.451  41.9900
   9.530   3.138   0.146  48.0356
   2.258   4.892   1.156  365.9637
   1.305   5.536   1.593  -523.3777
   0.485   2.511   0.253  -14.4022
   0.252   2.430   1.625  -101.2007
  -1.023   1.966   2.078  -138.8934
  -1.979   1.576   1.106  -119.2686
   2.522   2.378   0.297  15.2285
   0.929   2.680   2.279  51.4696
  -1.219   1.922   3.040  88.9615
  -2.882   1.269   1.418  56.9347
   3.366   4.686   1.872  -157.2147
   3.516   5.188   3.258  34.2325
   3.732   6.711   3.302  331.1075
   3.272   7.329   4.272  -270.5795
   4.563   4.432   4.029  -102.0714
   4.399   2.905   4.029  358.0820
   4.109   4.150   1.385  147.3827
   2.647   5.001   3.731  97.7946
   5.471   4.638   3.644  44.2147
   4.551   4.738   4.990  45.8361
   5.256   2.133   3.639  -499.6283
   3.251   2.490   4.484  -647.9249
   2.537   3.112   4.799  180.3165
   3.057   1.489   4.526  237.5681
   4.339   7.332   2.278  -137.0652
   4.366   8.832   2.207  -9.2264
   2.892   9.246   1.961  272.3195
   2.474  10.165   2.642  -345.2763
   5.309   9.389   1.157  169.4696
   5.350  10.936   1.106  -185.4498
   6.824   8.987   1.297  -154.9098
   4.766   6.729   1.575  190.8596
   4.633   9.167   3.085  96.7162
   4.988   9.093   0.248  15.7404
   4.420  11.284   1.174  7.5951
   5.897  11.268   1.869  8.2614
   5.759  11.218   0.243  18.5430
   7.233   9.577   1.981  54.0317
   6.862   8.037   1.577  41.6361
   7.255   9.115   0.413  25.9482
   2.104   8.520   1.144  -326.2359
   0.632   8.716   1.054  37.8323
  -0.078   8.768   2.415  233.9375
  -0.884   9.664   2.672  -432.5417
  -1.884   7.923   0.171  -102.1074
   2.610   7.809   0.579  181.6882
   0.470   9.599   0.581  107.0894
   0.361   7.893   3.316  -121.0269
  -0.019   7.895   4.773  -96.4825
   0.257   9.145   5.573  699.8631
  -0.546   9.475   6.459  -311.7699
  -0.085   6.405   5.211  9.6760
  -0.163   6.074   6.727  48.4625
   0.723   6.895   7.667  46.1356
   2.143   6.540   7.601  -566.3807
   3.079   6.811   8.521  468.6569
   2.800   7.446   9.655  -458.5410
   4.360   6.637   8.223  -396.8332
   1.019   7.168   2.930  134.8336
  -1.029   7.682   4.816  52.9739
  -0.896   5.991   4.772  26.0614
   0.734   5.940   4.846  25.9996
  -1.127   6.185   7.029  33.3730
   0.074   5.094   6.852  33.5390
   0.614   7.861   7.424  55.1747
   0.391   6.752   8.602  54.4016
   2.455   6.034   6.770  164.3214
   1.853   7.717   9.843  130.6260
   3.521   7.648  10.309  162.3158
   4.619   6.286   7.321  166.3931
   5.066   6.854   8.895  150.6320
   1.214   9.972   5.158  -304.0575
   1.413  11.279   5.819  -5.6264
   0.273  12.291   5.508  355.4369
  -0.434  12.609   6.460  -426.0565
   2.837  11.816   5.654  -38.7050
   3.884  10.810   6.182  153.5975
   5.275  11.204   5.674  -239.7276
   3.865  10.705   7.710  -186.3452
   1.782   9.641   4.370  133.9092
   1.432  11.133   6.817  46.9369
   3.011  11.943   4.703  19.6721
   2.923  12.630   6.182  26.7823
   3.654   9.904   5.848  14.4502
   5.497  12.121   6.002  38.4333
   5.948  10.551   6.018  47.1770
   5.276  11.194   4.675  25.6455
   2.961  10.401   8.008  20.5224
   4.556  10.046   8.004  54.4825
   4.066  11.601   8.105  60.5171
  -0.024  12.694   4.259  -96.2936
  -1.178  13.577   3.961  3.5060
  -2.529  12.838   3.864  221.9725
  -3.412  13.009   4.700  -408.5512
  -0.838  14.250   2.630  11.4895
   0.127  13.315   1.919  26.1827
   0.840  12.596   3.065  22.5766
  -1.234  14.325   4.648  44.2084
  -1.665  14.384   2.072  28.8272
  -0.407  15.146   2.779  22.1873
  -0.371  12.669   1.354  28.8663
   0.773  13.835   1.374  19.1434
   1.007  11.625   2.828  15.6015
   1.744  13.021   3.246  33.6160
  -2.648  12.044   2.804  -204.8056
  -3.839  11.239   2.404  10.9672
  -3.951   9.934   3.189  304.7705
  -4.359   8.893   2.668  -412.7635
  -1.757  12.018   2.205  192.3017
  -4.667  11.796   2.552  49.6847
  -3.773  11.037   1.418  62.1255
  -3.584  10.078   4.459  -252.4295
  -3.663   9.107   5.581  -1.6423
  -4.439   7.807   5.284  254.4216
  -3.763   6.770   5.249  -314.7304
  -3.936   9.855   6.888  169.2402
  -2.839  10.706   7.185  -497.1243
  -4.236   8.871   8.004  -133.2306
  -3.174  11.071   4.644  206.4638
  -2.708   8.852   5.839  53.7220
  -4.770  10.434   6.769  34.0189
  -3.822   9.189   8.861  27.2165
  -5.228   8.789   8.130  25.6384
  -3.860   7.969   7.775  32.6722
  -1.969  10.270   6.922  124.6949
  -5.784   7.782   5.153  -159.4155
  -6.534   6.522   5.054  -8.7864
  -5.955   5.580   4.001  461.5704
  -5.782   5.941   2.842  -364.4101
  -7.954   6.903   4.644  6.5207
  -8.129   8.276   5.293  18.4188
  -6.733   8.911   5.185  16.4270
  -6.579   6.065   5.956  53.0280
  -8.039   6.978   3.659  17.3315
  -8.620   6.266   5.008  19.9800
  -8.796   8.810   4.792  19.5447
  -8.395   8.175   6.242  20.9177
  -6.660   9.462   4.348  22.6124
  -6.554   9.506   5.976  34.1062
  -5.770   4.329   4.425  -263.0465
  -5.034   3.326   3.648  41.1439
  -5.577   3.114   2.207  286.1510
  -4.814   2.854   1.271  -361.2482
  -4.853   1.948   4.307  45.3411
  -6.148   1.195   4.617  23.7702
  -6.194   4.124   5.358  133.2995
  -4.055   3.593   3.588  104.7084
  -4.326   1.388   3.687  -3.2894
  -4.378   2.086   5.162  -6.3087
  -6.649   1.708   5.275  -13.0275
  -6.625   1.049   3.782  -22.0673
  -6.894   3.280   2.035  -260.4887
  -7.536   3.127   0.684  36.6021
  -9.049   2.977   0.867  -72.9497
  -7.429   3.516   2.880  147.4350
  -7.225   2.241   0.299  51.1852
  -9.510   3.760   0.454  20.9273
  -9.353   2.136   0.423  36.6394
  -9.261   2.938   1.842  19.9689
  -7.001   5.461   0.224  -175.1005
  -6.474   7.903   0.150  -48.3127
  -7.873   8.416   0.511  259.1012
  -7.754   9.601   1.467  -340.6258
  -7.208   5.556   1.225  163.0432
  -5.989   7.750   0.986  6.6649
  -8.383   7.685   0.953  5.4261
  -7.235  10.332   1.026  32.4441
  -8.668   9.932   1.700  14.4986
  -7.282   9.310   2.298  14.1556
  -2.105   4.908   0.604  -55.5804
  -2.102   6.455   1.584  -109.3064
  -4.622   5.772   0.669  102.0371
  -2.573   4.242   1.102  53.2043
  -1.205   4.717   0.349  47.1349
  -5.254   0.312   1.352  -5.0722
